fas_resnet101_men_100000:
Overall accuracy: 78%

'jackets-coats' : 79 %
'jeans' : 82 %
'pants' : 78 %
'shirts' : 64 %
'shorts' : 80 %
'suits-blazers' : 60 %
'sweaters' : 81 %

Confusion matrix:
[[79.52105698  0.90834021  0.16515277  0.16515277  2.89017341  5.78034682, 10.56977704]
 [ 6.51340996 82.75862069  3.44827586  0.          1.91570881  1.14942529, 4.21455939]
 [ 3.04878049  7.31707317 78.04878049  0.          6.09756098  0., 5.48780488]
 [25.80645161  0.          0.         64.51612903  0.          0., 9.67741935]
 [ 9.3373494   1.95783133  1.95783133  0.         80.87349398  0.90361446, 4.96987952]
 [32.01581028  0.79051383  0.          0.          1.58102767 60.07905138, 5.53359684]
 [14.38016529  0.66115702  0.          0.          1.48760331  1.81818182, 81.65289256]]

 fas_resnet101_women_100000:
 Overall accuracy: 79%
'dresses' : 93 %
'jackets-coats' : 82 %
'jeans' : 86 %
'jumpsuits' : 62 %
'pants' : 63 %
'shorts' : 77 %
'skirts' : 72 %
'sweaters' : 66 %
'tops' : 24 %

Confusion matrix
[[93.47377117  3.80008261  0.          0.33044197  0.          0.16522098, 1.28046262  0.61957869  0.33044197]
 [ 5.91666667 82.5         0.91666667  0.16666667  0.5         1.91666667, 2.          3.83333333  2.25      ]
 [ 0.3875969   5.81395349 86.04651163  0.7751938   2.71317829  1.9379845, 0.7751938   1.1627907   0.3875969 ]
 [30.73170732  3.41463415  0.48780488 62.43902439  0.          2.92682927, 0.          0.          0.        ]
 [ 0.67567568  4.72972973 18.24324324  1.35135135 63.51351351  8.10810811, 0.          2.7027027   0.67567568]
 [ 1.20845921  8.6102719   2.41691843  0.3021148   0.90634441 77.34138973, 5.13595166  1.35951662  2.71903323]
 [13.04347826  6.91699605  0.19762846  0.          0.19762846  3.55731225, 72.92490119  1.77865613  1.38339921]
 [ 3.63636364 24.46280992  0.66115702  0.          0.          1.15702479, 0.99173554 66.11570248  2.97520661]
 [ 9.48509485 44.44444444  1.89701897  0.27100271  0.27100271  5.4200542, 5.69105691  8.1300813  24.3902439 ]]


Men train_data:
shorts: 19270
sweaters: 17566
pants: 4773
jeans: 7583
shirts: 925
suits-blazers: 7345
jackets-coats: 35121
total: 92583

Men test_data:
shorts: 664
sweaters: 605
pants: 164
jeans: 261
shirts: 31
suits-blazers: 253
jackets-coats: 1211
3189

Women train_data:
shorts: 19219
sweaters: 17564
skirts: 14698
pants: 4311
dresses: 70226
jeans: 7511
jumpsuits: 5966
jackets-coats: 34824
tops: 10708
total: 185027

Women test_data:
shorts: 662
sweaters: 605
skirts: 506
pants: 148
dresses: 2421
jeans: 258
jumpsuits: 205
jackets-coats: 1200
tops: 369
total: 6374
